PointPositions 1 Main Branch

-74.072 -37.0475 -202.263
-66.6112 -53.7368 -174.854
-66.6112 -57.1839 -170.861
-66.6112 -56.9107 -167.141
-66.6112 -56.6375 -163.42
-66.6112 -59.5382 -151.986
-62.8809 -54.7251 -137.378
-62.8809 -54.4519 -133.657
-62.8809 -45.6451 -115.602
-62.8809 -41.3784 -108.435
-66.6112 -40.832 -100.994
-66.6112 -40.5588 -97.2736
-62.6112 -40.0124 -89.8329
-58.9809 -35.7456 -82.6655
-30.3076 -19.591 -79.0379
-25.5772 -16.5974 -76.5908
-21.8469 -15.5046 -61.7094
-21.8469 -18.6786 -53.9955
-21.8469 -25.2996 -42.2881
-14.3861 -27.9272 -27.1335
0.535324 -27.1076 -15.9724
11.7264 -19.1204 -9.07815
19.1871 -14.3073 5.53003
19.1871 -17.208 16.9643
11.7264 -20.1087 28.3985
4.26569 -19.5623 35.8392
0.535324 -19.0159 43.2799
-6.9254 -18.1963 54.4409
-6.9254 -13.1099 72.7695
-3.19504 -8.29676 87.3776
-3.19504 -3.7568 98.2655
0.535324 -2.66398 113.147
0.535324 -1.57116 128.028
4.26569 2.6956 135.196
7.99605 3.51522 146.357
11.7264 7.78198 153.524
15.4568 12.0487 160.692
19.1871 16.3155 167.859
22.9175 20.5823 175.027
26.6479 25.1222 185.915
26.6479 29.6622 196.802
26.6479 34.7486 215.131

PointPositions 2 Side Branch

78.873 -30.2173 -109.254
75.1426 -25.6774 -98.3665
63.9515 -16.5974 -76.5908
52.7604 -11.7843 -61.9826
41.5693 -7.5175 -54.8151
34.1086 -7.24429 -51.0948
26.6479 -10.6914 -47.1012
15.4568 -14.1386 -43.1077
7.99605 -17.3125 -35.3938
7.99605 -19.9401 -20.2392

LinePositions 1 Main Branch

-74.072 -37.0475 -202.263
-66.6112 -53.7368 -174.854
-66.6112 -57.1839 -170.861
-66.6112 -56.9107 -167.141
-66.6112 -56.6375 -163.42
-66.6112 -59.5382 -151.986
-62.8809 -54.7251 -137.378
-62.8809 -54.4519 -133.657
-62.8809 -45.6451 -115.602
-62.8809 -41.3784 -108.435
-66.6112 -40.832 -100.994
-66.6112 -40.5588 -97.2736
-62.6112 -40.0124 -89.8329
-58.9809 -35.7456 -82.6655
-30.3076 -19.591 -79.0379
-25.5772 -16.5974 -76.5908
-21.8469 -15.5046 -61.7094
-21.8469 -18.6786 -53.9955
-21.8469 -25.2996 -42.2881
-14.3861 -27.9272 -27.1335
0.535324 -27.1076 -15.9724
11.7264 -19.1204 -9.07815
19.1871 -14.3073 5.53003
19.1871 -17.208 16.9643
11.7264 -20.1087 28.3985
4.26569 -19.5623 35.8392
0.535324 -19.0159 43.2799
-6.9254 -18.1963 54.4409
-6.9254 -13.1099 72.7695
-3.19504 -8.29676 87.3776
-3.19504 -3.7568 98.2655
0.535324 -2.66398 113.147
0.535324 -1.57116 128.028
4.26569 2.6956 135.196
7.99605 3.51522 146.357
11.7264 7.78198 153.524
15.4568 12.0487 160.692
19.1871 16.3155 167.859
22.9175 20.5823 175.027
26.6479 25.1222 185.915
26.6479 29.6622 196.802
26.6479 34.7486 215.131

0 1
1 2
2 3
3 4
4 5
5 6
6 7 
7 8 
8 9 
9 10 
10 11 
11 12 
12 13 
13 14
14 15
15 16
16 17 
17 18 
18 19
19 20 
20 21
21 22
22 23
23 24
24 25
25 26
26 27 
27 28 
28 29 
29 30 
30 31
31 32
32 33
33 34
34 35
35 36
36 37
37 38 
38 39 
39 40 
40 41

LinePositions 2 Side branch

78.873 -30.2173 -109.254
75.1426 -25.6774 -98.3665
63.9515 -16.5974 -76.5908
52.7604 -11.7843 -61.9826
41.5693 -7.5175 -54.8151
34.1086 -7.24429 -51.0948
26.6479 -10.6914 -47.1012
15.4568 -14.1386 -43.1077
7.99605 -17.3125 -35.3938
7.99605 -19.9401 -20.2392

0 1
1 2
2 3
3 4
4 5
5 6
6 7 
7 8 
8 9 
